1 11
2 10
3 6
4 4
5 7
6 6
7 8
8 7
9 10
10 4
11 7
12 12
13 6
14 7
15 1
16 9
17 9
18 3
19 6
20 3
21 6
22 9
23 9
24 7
25 6
26 5
27 3
28 9
29 5
30 2
31 7
32 6
33 9
34 12
35 6
36 4
37 8
38 9
39 7
40 6
41 11
42 13
43 9
44 15
45 10
46 18
47 13
48 7
49 6
50 4
51 6
52 12
53 11
54 12
55 13
56 10
57 8
58 10
59 8
60 11
61 14
62 7
63 12
64 12
65 11
66 15
67 9
68 18
69 12
70 11
71 13
72 11
73 10
74 18
75 12
76 15
77 16
78 20
79 13
80 10
81 12
82 10
83 13
84 8
85 16
86 9
87 13
88 9
89 11
90 7
91 17
92 16
93 6
94 15
95 15
96 15
97 15
98 8
99 12
100 8
101 15
102 13
103 15
104 11
105 11
106 7
107 12
108 10
109 16
110 11
111 14
112 17
113 9
114 10
115 14
116 17
117 20
118 12
119 12
120 14
